<!DOCTYPE HTML PUBLIC "-//W3C//DTD HTML 4.01//EN" "http://www.w3.org/TR/html4/strict.dtd">
<html>
	
	<head>
		<meta http-equiv="Content-Type" content="text/html; charset=utf-8">
		<title>amCharts examples</title>
		<link rel="stylesheet" href="style.css" type="text/css">
		<script src="./amcharts/amcharts.js" type="text/javascript"></script>
		<script src="./amcharts/radar.js" type="text/javascript"></script>
		<script src="./radar_data.js" type="text/javascript"></script>
	</head>
	
	<body>
	<style type="text/css">th{width:11%;}</style>
	<table><tbody><tr><th>Items</th><th style='color: #000;background:#ab0'>ActiveDays</th><th style='color: #000;background:#ab0'>TotalAuthors</th><th>network</th><th style='color: #000;background:#ab0'>TotalCommits</th><th>subscribers_count</th><th style='color: #000;background:#c0a'>open_issues</th><th>ActiveDays%</th><th style='color: #000;background:#c0a'>star</th></tr><tr><th>ActiveDays</th><td style="background-color: rgba(255,125,0,0.000000);">1.000000</td><td style="background-color: rgba(255,125,0,0.894447);">0.945752</td><td style="background-color: rgba(255,125,0,0.378888);">0.615539</td><td style="background-color: rgba(255,125,0,0.883449);">0.939920</td><td style="background-color: rgba(255,125,0,0.177793);">0.421655</td><td style="background-color: rgba(255,125,0,0.196268);">0.443022</td><td style="background-color: rgba(255,125,0,0.404653);">0.636123</td><td style="background-color: rgba(255,125,0,0.229793);">0.479367</td></tr><tr><th>TotalAuthors</th><td style="background-color: rgba(255,125,0,0.894447);">0.945752</td><td style="background-color: rgba(255,125,0,0.000000);">1.000000</td><td style="background-color: rgba(255,125,0,0.472771);">0.687583</td><td style="background-color: rgba(255,125,0,0.699022);">0.836075</td><td style="background-color: rgba(255,125,0,0.152764);">0.390850</td><td style="background-color: rgba(255,125,0,0.267871);">0.517563</td><td style="background-color: rgba(255,125,0,0.264235);">0.514038</td><td style="background-color: rgba(255,125,0,0.308666);">0.555577</td></tr><tr><th>network</th><td style="background-color: rgba(255,125,0,0.378888);">0.615539</td><td style="background-color: rgba(255,125,0,0.472771);">0.687583</td><td style="background-color: rgba(255,125,0,0.000000);">1.000000</td><td style="background-color: rgba(255,125,0,0.326855);">0.571712</td><td style="background-color: rgba(255,125,0,0.103578);">0.321836</td><td style="background-color: rgba(255,125,0,0.139301);">0.373231</td><td style="background-color: rgba(255,125,0,0.097192);">0.311756</td><td style="background-color: rgba(255,125,0,0.169188);">0.411325</td></tr><tr><th>TotalCommits</th><td style="background-color: rgba(255,125,0,0.883449);">0.939920</td><td style="background-color: rgba(255,125,0,0.699022);">0.836075</td><td style="background-color: rgba(255,125,0,0.326855);">0.571712</td><td style="background-color: rgba(255,125,0,0.000000);">1.000000</td><td style="background-color: rgba(255,125,0,0.244156);">0.494121</td><td style="background-color: rgba(255,125,0,0.213781);">0.462365</td><td style="background-color: rgba(255,125,0,0.456330);">0.675522</td><td style="background-color: rgba(255,125,0,0.247767);">0.497762</td></tr><tr><th>subscribers_count</th><td style="background-color: rgba(255,125,0,0.177793);">0.421655</td><td style="background-color: rgba(255,125,0,0.152764);">0.390850</td><td style="background-color: rgba(255,125,0,0.103578);">0.321836</td><td style="background-color: rgba(255,125,0,0.244156);">0.494121</td><td style="background-color: rgba(255,125,0,0.000000);">1.000000</td><td style="background-color: rgba(255,125,0,0.381810);">0.617907</td><td style="background-color: rgba(255,125,0,0.145481);">0.381419</td><td style="background-color: rgba(255,125,0,0.588635);">0.767225</td></tr><tr><th>open_issues</th><td style="background-color: rgba(255,125,0,0.196268);">0.443022</td><td style="background-color: rgba(255,125,0,0.267871);">0.517563</td><td style="background-color: rgba(255,125,0,0.139301);">0.373231</td><td style="background-color: rgba(255,125,0,0.213781);">0.462365</td><td style="background-color: rgba(255,125,0,0.381810);">0.617907</td><td style="background-color: rgba(255,125,0,0.000000);">1.000000</td><td style="background-color: rgba(255,125,0,0.107677);">0.328142</td><td style="background-color: rgba(255,125,0,0.877441);">0.936718</td></tr><tr><th>ActiveDays%</th><td style="background-color: rgba(255,125,0,0.404653);">0.636123</td><td style="background-color: rgba(255,125,0,0.264235);">0.514038</td><td style="background-color: rgba(255,125,0,0.097192);">0.311756</td><td style="background-color: rgba(255,125,0,0.456330);">0.675522</td><td style="background-color: rgba(255,125,0,0.145481);">0.381419</td><td style="background-color: rgba(255,125,0,0.107677);">0.328142</td><td style="background-color: rgba(255,125,0,0.000000);">1.000000</td><td style="background-color: rgba(255,125,0,0.111147);">0.333388</td></tr><tr><th>star</th><td style="background-color: rgba(255,125,0,0.229793);">0.479367</td><td style="background-color: rgba(255,125,0,0.308666);">0.555577</td><td style="background-color: rgba(255,125,0,0.169188);">0.411325</td><td style="background-color: rgba(255,125,0,0.247767);">0.497762</td><td style="background-color: rgba(255,125,0,0.588635);">0.767225</td><td style="background-color: rgba(255,125,0,0.877441);">0.936718</td><td style="background-color: rgba(255,125,0,0.111147);">0.333388</td><td style="background-color: rgba(255,125,0,0.000000);">1.000000</td></tr></tbody></table></body></html>