<!DOCTYPE HTML PUBLIC "-//W3C//DTD HTML 4.01//EN" "http://www.w3.org/TR/html4/strict.dtd">
<html>
	
	<head>
		<meta http-equiv="Content-Type" content="text/html; charset=utf-8">
		<title>amCharts examples</title>
		<link rel="stylesheet" href="style.css" type="text/css">
		<script src="./amcharts/amcharts.js" type="text/javascript"></script>
		<script src="./amcharts/radar.js" type="text/javascript"></script>
		<script src="./radar_data.js" type="text/javascript"></script>
	</head>
	
	<body>
	<style type="text/css">th{width:11%;height: 10%}</style>
	<table><tbody><tr><th>Items</th><th style='  background: #ab0;'>ActiveDays</th><th style='  background: #ab0;'>TotalAuthors</th><th style='  background: #ab0;'>TotalCommits</th><th style='  background: #c0a;'>OpenIssuesCount</th><th style='  background: #0ef;'>ActiveDays%</th><th style='  background: #ab0;'>SubscribersCount</th><th style='  background: #0ef;'>StargazersCount</th><th style='  background: #0ef;'>Forks</th></tr><tr><th style='  background: #ab0;'>ActiveDays</th><td style="background-color: rgba(255,125,0,0.000000);">1.000000</td><td style="background-color: rgba(255,125,0,0.881158);">0.938700</td><td style="background-color: rgba(255,125,0,0.839239);">0.916100</td><td style="background-color: rgba(255,125,0,0.113300);">0.336600</td><td style="background-color: rgba(255,125,0,0.168182);">0.410100</td><td style="background-color: rgba(255,125,0,0.752036);">0.867200</td><td style="background-color: rgba(255,125,0,0.235128);">0.484900</td><td style="background-color: rgba(255,125,0,0.207207);">0.455200</td></tr><tr><th style='  background: #ab0;'>TotalAuthors</th><td style="background-color: rgba(255,125,0,0.881158);">0.938700</td><td style="background-color: rgba(255,125,0,0.000000);">1.000000</td><td style="background-color: rgba(255,125,0,0.569421);">0.754600</td><td style="background-color: rgba(255,125,0,0.093820);">0.306300</td><td style="background-color: rgba(255,125,0,0.240394);">0.490300</td><td style="background-color: rgba(255,125,0,0.485391);">0.696700</td><td style="background-color: rgba(255,125,0,0.320469);">0.566100</td><td style="background-color: rgba(255,125,0,0.307692);">0.554700</td></tr><tr><th style='  background: #ab0;'>TotalCommits</th><td style="background-color: rgba(255,125,0,0.839239);">0.916100</td><td style="background-color: rgba(255,125,0,0.569421);">0.754600</td><td style="background-color: rgba(255,125,0,0.000000);">1.000000</td><td style="background-color: rgba(255,125,0,0.127592);">0.357200</td><td style="background-color: rgba(255,125,0,0.157609);">0.397000</td><td style="background-color: rgba(255,125,0,0.849900);">0.921900</td><td style="background-color: rgba(255,125,0,0.206661);">0.454600</td><td style="background-color: rgba(255,125,0,0.172640);">0.415500</td></tr><tr><th style='  background: #c0a;'>OpenIssuesCount</th><td style="background-color: rgba(255,125,0,0.113300);">0.336600</td><td style="background-color: rgba(255,125,0,0.093820);">0.306300</td><td style="background-color: rgba(255,125,0,0.127592);">0.357200</td><td style="background-color: rgba(255,125,0,0.000000);">1.000000</td><td style="background-color: rgba(255,125,0,0.346332);">0.588500</td><td style="background-color: rgba(255,125,0,0.223445);">0.472700</td><td style="background-color: rgba(255,125,0,0.564452);">0.751300</td><td style="background-color: rgba(255,125,0,0.474859);">0.689100</td></tr><tr><th style='  background: #0ef;'>ActiveDays%</th><td style="background-color: rgba(255,125,0,0.168182);">0.410100</td><td style="background-color: rgba(255,125,0,0.240394);">0.490300</td><td style="background-color: rgba(255,125,0,0.157609);">0.397000</td><td style="background-color: rgba(255,125,0,0.346332);">0.588500</td><td style="background-color: rgba(255,125,0,0.000000);">1.000000</td><td style="background-color: rgba(255,125,0,0.186797);">0.432200</td><td style="background-color: rgba(255,125,0,0.877969);">0.937000</td><td style="background-color: rgba(255,125,0,0.877220);">0.936600</td></tr><tr><th style='  background: #ab0;'>SubscribersCount</th><td style="background-color: rgba(255,125,0,0.752036);">0.867200</td><td style="background-color: rgba(255,125,0,0.485391);">0.696700</td><td style="background-color: rgba(255,125,0,0.849900);">0.921900</td><td style="background-color: rgba(255,125,0,0.223445);">0.472700</td><td style="background-color: rgba(255,125,0,0.186797);">0.432200</td><td style="background-color: rgba(255,125,0,0.000000);">1.000000</td><td style="background-color: rgba(255,125,0,0.193248);">0.439600</td><td style="background-color: rgba(255,125,0,0.143868);">0.379300</td></tr><tr><th style='  background: #0ef;'>StargazersCount</th><td style="background-color: rgba(255,125,0,0.235128);">0.484900</td><td style="background-color: rgba(255,125,0,0.320469);">0.566100</td><td style="background-color: rgba(255,125,0,0.206661);">0.454600</td><td style="background-color: rgba(255,125,0,0.564452);">0.751300</td><td style="background-color: rgba(255,125,0,0.877969);">0.937000</td><td style="background-color: rgba(255,125,0,0.193248);">0.439600</td><td style="background-color: rgba(255,125,0,0.000000);">1.000000</td><td style="background-color: rgba(255,125,0,0.985652);">0.992800</td></tr><tr><th style='  background: #0ef;'>Forks</th><td style="background-color: rgba(255,125,0,0.207207);">0.455200</td><td style="background-color: rgba(255,125,0,0.307692);">0.554700</td><td style="background-color: rgba(255,125,0,0.172640);">0.415500</td><td style="background-color: rgba(255,125,0,0.474859);">0.689100</td><td style="background-color: rgba(255,125,0,0.877220);">0.936600</td><td style="background-color: rgba(255,125,0,0.143868);">0.379300</td><td style="background-color: rgba(255,125,0,0.985652);">0.992800</td><td style="background-color: rgba(255,125,0,0.000000);">1.000000</td></tr></tbody></table></body></html>